0.13978	0.16570
0.11278	0.11608
1.61598	1.68384
-0.96932	-0.72404
0.10451	0.11193
-0.09687	-0.20354
-0.14616	-0.04179
-0.00349	-0.06364
0.19394	0.22386
-1.45968	-1.51540
-1.56693	-1.41441
0.08619	0.09729
-4.93239	-5.09660
0.08204	0.09294
0.17648	0.19359
0.93842	0.88803
-0.52756	-0.73536
1.35694	1.23062
-0.11451	-0.02084
-0.52215	-0.29087
0.02047	0.01713
0.42293	0.57334
0.05980	0.05899
0.03949	0.03623
0.03572	0.04922
0.15833	0.07975
0.26882	0.34518
0.15325	0.16266
-0.13524	-0.16762
0.41590	0.34362
0.02140	0.03147
0.99202	0.95024
0.23370	0.27083
0.08089	0.08168
0.46604	0.44031
0.33948	0.32950
0.70820	0.62463
0.14327	0.22170
0.19194	0.19368
0.10822	0.09415
0.58228	0.58008
0.39123	0.40943
0.51849	0.25240
0.89795	0.92629
-1.21374	-1.12843
0.95019	1.02673
0.65035	0.69572
2.22523	2.25690
0.05703	0.04199
1.51158	1.45953
0.81909	0.70397
-0.03194	0.17806
-0.15562	-0.12479
0.52582	0.57771
1.60720	1.58308
0.86165	0.88112
0.88465	0.88276
0.06732	0.05476
0.07754	0.06920
0.10473	0.10745
0.18321	0.12827
0.52361	0.57391
0.14276	0.17513
0.03456	0.03397
0.30857	0.27726
0.04698	-0.00540
0.99628	0.99015
0.34722	0.36290
0.13973	0.14297
0.51790	0.49019
0.32250	0.31685
1.09230	0.99334
0.19312	0.26871
0.23762	0.21980
0.01287	0.01247
0.02056	0.03710
0.15987	0.08340
0.18611	0.23151
0.11130	0.12428
0.04652	0.07924
-0.09194	-0.11696
0.01713	0.02216
0.82416	0.83856
0.27909	0.32259
0.06789	0.07910
0.37007	0.36116
0.22075	0.21825
0.99472	0.94500
0.14926	0.22282
0.13320	0.13652
0.01221	0.02600
0.15243	0.09947
0.26073	0.36236
0.13115	0.14448
-0.92487	-1.76728
-3.95995	-3.02140
0.00757	-0.30756
0.81917	0.87193
-0.41239	-0.98343
-0.24937	0.10329
0.38808	0.38789
0.28063	0.28737
0.46242	0.38444
-0.51330	-0.80362
0.20487	0.20614
0.08065	0.04893
0.60708	0.72757
0.12955	0.10716
-0.89364	-0.51534
0.20596	-0.45180
0.11279	0.04739
1.17403	1.14728
0.36451	0.32819
0.12696	0.11303
0.48057	0.39217
0.36082	0.31978
0.99584	1.03451
0.19947	0.21622
-0.75903	0.20104
-5.20935	-5.15048
-0.20636	-0.14433
-0.99410	-0.78300
-4.06251	-4.09239
0.41872	0.40108
-1.83746	-1.62941
-0.33011	-0.02592
-0.11881	-0.11517
1.34211	1.25318
0.55144	0.43021
-2.81684	-2.70675
-0.24469	-0.03885
-0.11008	-0.06630
0.08005	0.09474
0.31870	0.49173
-1.22003	-2.07534
0.08627	0.11045
1.48529	1.53614
0.33001	0.38999
0.12793	0.15720
0.52045	0.52654
0.33271	0.40008
1.01475	1.07188
-0.43780	-0.38523
-0.80680	-0.63302
0.08520	0.10990
0.29802	-0.09203
-0.02536	0.06979
-0.59768	-0.48042
-1.44367	-1.65769
-0.02502	-0.15536
0.49844	0.30298
-0.13986	-0.33133
-7.83431	-7.39603
-0.11068	-0.00650
-0.67992	-1.00287
-0.16282	0.60715
0.31278	0.33668
0.89334	0.99365
-0.50577	-0.52576
-0.31157	-0.51252
-1.28150	-1.09243
-1.23394	-1.02857
-0.47229	-0.39163
0.58937	0.35537
0.50924	0.41036
0.00176	-0.00064
1.08332	1.06719
0.23489	0.28497
0.06413	0.08361
0.42209	0.39803
-0.74953	-0.67444
1.06281	1.14619
0.11950	0.18032
0.15702	0.16501
0.61047	0.62106
1.04177	0.98401
0.66324	0.61624
1.28213	1.31561
0.89666	0.81091
1.08173	1.05047
1.08344	1.09823
1.20515	1.18066
0.35851	0.35367
0.36201	0.35270
0.13316	0.17867
0.41535	0.44885
1.64422	1.63721
0.40949	0.49911
0.47211	0.49853
0.05495	0.05540
0.30273	0.32498
0.28228	0.28134
1.25098	0.98897
0.19140	0.25601
0.23405	0.22441
0.41488	0.41652
-0.44397	-0.46178
1.00736	1.01044
-0.15250	-0.09145
0.56719	0.41831
-0.45613	-0.44441
1.46504	1.40428
0.25793	-0.57022
-1.04497	-1.02598
1.26866	1.20783
1.37003	1.41228
1.26431	1.20925
0.11982	0.18481
0.02724	0.06316
-0.47983	-0.37434
